1777151010694 0.15849187215180296 1
1777151010741 0.13714619928538865 2
1777151010759 0.1322131269465673 3
1777151010770 0.1289853708163218 4
1777151010790 0.12621258491118925 5
1777151010803 0.12366511209658063 6
1777151010812 0.1210310536288924 7
1777151010821 0.11836618559639674 8
1777151010831 0.11560805275060493 9
1777151010842 0.11266469006136176 10
1777151010852 0.10961540563488906 11
1777151010861 0.10672047386125771 12
1777151010873 0.09712841902569053 13
1777151010883 0.09545236315731204 14
1777151010893 0.09449762342441889 15
1777151010903 0.09304580416584121 16
1777151010913 0.09283593287081618 17
1777151010924 0.09268910203802996 18
1777151010934 0.09267263737952669 19
1777151010943 0.09263970410155668 20
