1777151010725 0.016197481096001727 1
1777151010751 0.06409459235921883 2
1777151010765 0.09366689658786824 3
1777151010775 0.11513950994918402 4
1777151010797 0.1341275058223656 5
1777151010807 0.15300905333209647 6
1777151010816 0.17222760855886965 7
1777151010826 0.19243946223293373 8
1777151010836 0.21294543689548903 9
1777151010847 0.23479243375352696 10
1777151010856 0.25693786339410535 11
1777151010868 0.27940912703496634 12
1777151010877 0.3275298723055837 13
1777151010888 0.3381563130017788 14
1777151010898 0.34578222133938663 15
1777151010908 0.35591990956323394 16
1777151010919 0.35676089460061206 17
1777151010929 0.35675780334562623 18
1777151010939 0.357411266183615 19
1777151010949 0.35782420397069425 20
