1777199441954 0.016197481096001727 1
1777199441973 0.06409459235921883 2
1777199441985 0.09366689658786824 3
1777199441997 0.11513950994918402 4
1777199442009 0.1341275058223656 5
1777199442029 0.15300905333209647 6
1777199442042 0.17222760855886965 7
1777199442054 0.19243946223293373 8
1777199442065 0.21294543689548903 9
1777199442078 0.23479243375352696 10
1777199442093 0.25693786339410535 11
1777199442106 0.27940912703496634 12
1777199442120 0.3275298723055837 13
1777199442133 0.3381563130017788 14
1777199442148 0.34578222133938663 15
1777199442197 0.35591990956323394 16
1777199442209 0.35676089460061206 17
1777199442222 0.35675780334562623 18
1777199442235 0.357411266183615 19
1777199442246 0.35782420397069425 20
