1777199441936 0.15849187215180296 1
1777199441962 0.13714619928538865 2
1777199441979 0.1322131269465673 3
1777199441991 0.1289853708163218 4
1777199442003 0.12621258491118925 5
1777199442021 0.12366511209658063 6
1777199442036 0.1210310536288924 7
1777199442047 0.11836618559639674 8
1777199442060 0.11560805275060493 9
1777199442072 0.11266469006136176 10
1777199442086 0.10961540563488906 11
1777199442099 0.10672047386125771 12
1777199442114 0.09712841902569053 13
1777199442128 0.09545236315731204 14
1777199442138 0.09449762342441889 15
1777199442186 0.09304580416584121 16
1777199442203 0.09283593287081618 17
1777199442215 0.09268910203802996 18
1777199442229 0.09267263737952669 19
1777199442240 0.09263970410155668 20
