1776104219230 0.016197481096001727 1
1776104219247 0.06409459235921883 2
1776104219263 0.09366689658786824 3
1776104219275 0.11513950994918402 4
1776104219287 0.1341275058223656 5
1776104219298 0.15300905333209647 6
1776104219309 0.17222760855886965 7
1776104219322 0.19243946223293373 8
1776104219335 0.21294543689548903 9
1776104219348 0.23479243375352696 10
1776104219359 0.25693786339410535 11
1776104219371 0.27940912703496634 12
1776104219385 0.3275298723055837 13
1776104219400 0.3381563130017788 14
1776104219410 0.34578222133938663 15
1776104219421 0.35591990956323394 16
1776104219432 0.35676089460061206 17
1776104219441 0.35675780334562623 18
1776104219452 0.357411266183615 19
1776104219462 0.35782420397069425 20
