1776104219221 0.15849187215180296 1
1776104219239 0.13714619928538865 2
1776104219255 0.1322131269465673 3
1776104219269 0.1289853708163218 4
1776104219282 0.12621258491118925 5
1776104219292 0.12366511209658063 6
1776104219304 0.1210310536288924 7
1776104219316 0.11836618559639674 8
1776104219329 0.11560805275060493 9
1776104219341 0.11266469006136176 10
1776104219354 0.10961540563488906 11
1776104219366 0.10672047386125771 12
1776104219378 0.09712841902569053 13
1776104219394 0.09545236315731204 14
1776104219405 0.09449762342441889 15
1776104219416 0.09304580416584121 16
1776104219426 0.09283593287081618 17
1776104219437 0.09268910203802996 18
1776104219447 0.09267263737952669 19
1776104219456 0.09263970410155668 20
