1776608410793 0.016197481096001727 1
1776608410814 0.06409459235921883 2
1776608410832 0.09366689658786824 3
1776608410848 0.11513950994918402 4
1776608410859 0.1341275058223656 5
1776608410869 0.15300905333209647 6
1776608410878 0.17222760855886965 7
1776608410890 0.19243946223293373 8
1776608410901 0.21294543689548903 9
1776608410912 0.23479243375352696 10
1776608410922 0.25693786339410535 11
1776608410932 0.27940912703496634 12
1776608410942 0.3275298723055837 13
1776608410951 0.3381563130017788 14
1776608410961 0.34578222133938663 15
1776608410972 0.35591990956323394 16
1776608410983 0.35676089460061206 17
1776608410996 0.35675780334562623 18
1776608411006 0.357411266183615 19
1776608411017 0.35782420397069425 20
