1776608410778 0.15849187215180296 1
1776608410805 0.13714619928538865 2
1776608410823 0.1322131269465673 3
1776608410841 0.1289853708163218 4
1776608410853 0.12621258491118925 5
1776608410864 0.12366511209658063 6
1776608410874 0.1210310536288924 7
1776608410884 0.11836618559639674 8
1776608410895 0.11560805275060493 9
1776608410907 0.11266469006136176 10
1776608410917 0.10961540563488906 11
1776608410927 0.10672047386125771 12
1776608410936 0.09712841902569053 13
1776608410947 0.09545236315731204 14
1776608410956 0.09449762342441889 15
1776608410966 0.09304580416584121 16
1776608410977 0.09283593287081618 17
1776608410990 0.09268910203802996 18
1776608411001 0.09267263737952669 19
1776608411012 0.09263970410155668 20
