1777154726057 0.15849187215180296 1
1777154726076 0.13714619928538865 2
1777154726095 0.1322131269465673 3
1777154726105 0.1289853708163218 4
1777154726114 0.12621258491118925 5
1777154726124 0.12366511209658063 6
1777154726133 0.1210310536288924 7
1777154726143 0.11836618559639674 8
1777154726153 0.11560805275060493 9
1777154726164 0.11266469006136176 10
1777154726174 0.10961540563488906 11
1777154726183 0.10672047386125771 12
1777154726193 0.09712841902569053 13
1777154726203 0.09545236315731204 14
1777154726213 0.09449762342441889 15
1777154726223 0.09304580416584121 16
1777154726233 0.09283593287081618 17
1777154726242 0.09268910203802996 18
1777154726253 0.09267263737952669 19
1777154726263 0.09263970410155668 20
