1777154726067 0.016197481096001727 1
1777154726085 0.06409459235921883 2
1777154726100 0.09366689658786824 3
1777154726110 0.11513950994918402 4
1777154726119 0.1341275058223656 5
1777154726129 0.15300905333209647 6
1777154726138 0.17222760855886965 7
1777154726148 0.19243946223293373 8
1777154726159 0.21294543689548903 9
1777154726169 0.23479243375352696 10
1777154726178 0.25693786339410535 11
1777154726188 0.27940912703496634 12
1777154726198 0.3275298723055837 13
1777154726208 0.3381563130017788 14
1777154726218 0.34578222133938663 15
1777154726228 0.35591990956323394 16
1777154726238 0.35676089460061206 17
1777154726248 0.35675780334562623 18
1777154726258 0.357411266183615 19
1777154726268 0.35782420397069425 20
