1777156247716 0.15849187215180296 1
1777156247736 0.13714619928538865 2
1777156247747 0.1322131269465673 3
1777156247758 0.1289853708163218 4
1777156248752 0.12621258491118925 5
1777156248764 0.12366511209658063 6
1777156248778 0.1210310536288924 7
1777156248790 0.11836618559639674 8
1777156248802 0.11560805275060493 9
1777156248813 0.11266469006136176 10
1777156248825 0.10961540563488906 11
1777156248839 0.10672047386125771 12
1777156248857 0.09712841902569053 13
1777156248876 0.09545236315731204 14
1777156248891 0.09449762342441889 15
1777156248902 0.09304580416584121 16
1777156248911 0.09283593287081618 17
1777156248920 0.09268910203802996 18
1777156248931 0.09267263737952669 19
1777156248945 0.09263970410155668 20
