1777156247726 0.016197481096001727 1
1777156247741 0.06409459235921883 2
1777156247752 0.09366689658786824 3
1777156248746 0.11513950994918402 4
1777156248758 0.1341275058223656 5
1777156248771 0.15300905333209647 6
1777156248784 0.17222760855886965 7
1777156248796 0.19243946223293373 8
1777156248807 0.21294543689548903 9
1777156248819 0.23479243375352696 10
1777156248831 0.25693786339410535 11
1777156248848 0.27940912703496634 12
1777156248866 0.3275298723055837 13
1777156248884 0.3381563130017788 14
1777156248897 0.34578222133938663 15
1777156248906 0.35591990956323394 16
1777156248915 0.35676089460061206 17
1777156248926 0.35675780334562623 18
1777156248937 0.357411266183615 19
1777156248951 0.35782420397069425 20
